90
46 46
33 34
40 42
-50 19
29 44
-36 49
-37 -9
40 46
-9 9
21 42
13 39
34 46
48 48
-23 32
0 26
3 12
28 47
-32 -29
18 41
-45 29
-35 31
-9 22
36 37
3 42
-14 38
-27 -23
14 39
33 39
-20 -2
30 46
-48 -41
-4 27
-5 5
-15 37
27 47
34 48
1 32
40 48
-25 37
-11 26
19 42
-1 2
20 30
-23 8
0 3
-16 7
-40 -16
18 34
3 24
13 22
-48 -16
47 49
11 45
9 14
-25 -7
-39 2
-18 23
-28 15
-50 -44
-35 25
18 37
33 43
39 43
30 45
11 28
-40 -18
-29 8
-29 -22
-17 20
4 18
-43 -20
4 10
-49 -32
-12 14
-17 49
-42 -39
-40 47
-18 19
12 29
33 43
-22 -7
28 44
23 32
26 34
-48 -45
-13 36
-40 11
-10 47
49 49
42 46
